false
40
27
50
22
37
64
6
32
25
93
61
56
53
21
88
84
35
75
29
5
-----
46
68
59
3
100
69
2
72
38
27
107
76
6
105
43
54
85
9
51
106
77
23
75
110
80
57
55
12
17
31
47
37
97
52
102
73
78
1
18
60
10
83
103
19
25
26
96
21
45
63
5
44
40
88
49
58
91
89
41
71
65
11
16
34
90
94
101
74
98
104
14
15
56
87
22
13
84
86
93
4
39
53
32
64
81
36
62
50
99
109
29
7
48
79
95
92
33
24
42
20
28
82
61
70
35
-----
91
103
-----
19
3
-----
60
87
-----
48
5
-----
91
28
-----
50
28
-----
55
14
-----
55
37
-----
89
45
188
149
175
17
92
63
38
9
194
67
165
143
164
61
53
39
73
6
14
167
133
147
153
156
130
15
196
112
-----
103
82
29
1
89
66
38
59
10
85
25
13
31
58
64
69
60
74
42
34
22
106
84
95
62
17
102
79
98
12
-----
5
110
105
96
106
21
46
67
87
50
32
109
103
57
26
41
33
49
100
98
24
35
80
2
72
64
75
48
20
36
